(none)
Astro1
Astro2
CA1Pyr1
CA1Pyr2
CA1PyrInt
CA2Pyr2
Choroid
ClauPyr
Epend
Int1
Int10
Int11
Int12
Int13
Int14
Int15
Int16
Int2
Int3
Int4
Int5
Int6
Int7
Int8
Int9
Mgl1
Mgl2
Oligo1
Oligo2
Oligo3
Oligo4
Oligo5
Oligo6
Peric
Pvm1
Pvm2
S1PyrDL
S1PyrL23
S1PyrL4
S1PyrL5
S1PyrL5a
S1PyrL6
S1PyrL6b
SubPyr
Vend1
Vend2
Vsmc
